0.10392642515273964 0.10066436940195976 0.11863973980794892 0.020637087450688023 -0.01640974155416322 
0.0310722638478542 0.05829416583596305 0.09558739742918357 0.033016752822101765 0.015110369770921646 
-0.017464752649239565 0.031086212267587884 0.1099220697347654 0.002511170953841451 0.06104977670331743 
0.030150602691917983 0.10873404910545634 0.014344150021737972 0.05026508851717803 -0.01416577217262255 
-0.036518808985527625 0.03232171166968201 -0.031056793694883997 0.04041048196107282 0.10735308226209482 

-0.05692097779067237 0.07580232791154712 -0.07738616316751355 0.01620424277158907 0.13477479470810255 
0.07382043342354037 0.03485497159162905 0.03096650816474871 0.08530121065591018 0.035931844249192574 
0.0697686897928894 0.07913318255909801 0.09830879846638732 -0.03491236001531195 0.08811047583183819 
0.14914356123939113 0.03449467629727323 0.14754974392256914 -0.008090287170788584 0.14810026991629788 
-0.015955851348756673 0.011164540866634987 0.04484079650029025 0.03403430941598383 0.09890982734828382 

0.052726766133679076 
0.008682646124995069 

0.11297123185051283 -0.019926135640344275 0.08420094936357846 
0.04648572201931981 0.048334739228362955 0.05138168421030877 
0.044772846605077334 0.015413770662113139 0.08833102946436042 

0.0739875148029863 0.06697513935436614 0.10579880618773982 
0.02119282365238205 -0.020018138248643284 0.04879045145072236 
-0.030188507440589936 -0.07745484817354027 0.013462634734427575 

-0.1775802606444033 
-0.06142194841558068 
